Personal care activities
84.1 91.2 94.3 95.5 93.9 89.4 76.0 53.2 32.7 19.6 12.1 8.4 6.4 6.2 6.3 6.2 6.1 5.9 5.3 5.3 8.5 19.1 42.2 68.4
Eating and drinking
0.7 0.4 0.3 0.3 0.5 1.2 3.5 6.3 7.4 6.6 5.3 6.1 17.1 11.4 6.0 4.3 4.6 9.0 15.5 14.2 9.1 4.7 2.4 1.2
Household activities
0.8 0.4 0.3 0.3 0.9 1.7 4.4 7.7 10.8 13.2 14.0 13.7 12.5 11.9 11.7 11.8 12.8 14.6 13.9 10.9 7.6 5.1 3.3 1.7
Purchasing goods and services
0.2 0.1 0.1 0.1 0.1 0.2 0.3 0.9 2.0 3.9 5.8 7.0 7.8 7.6 7.4 7.2 6.9 6.6 5.5 4.4 3.0 2.0 0.9 0.4
Caring for and helping household members
0.4 0.2 0.3 0.2 0.5 0.4 1.5 3.7 3.6 2.5 2.4 2.3 2.2 2.2 2.6 3.8 4.0 4.1 3.8 4.3 4.7 3.6 1.7 0.7
Caring for and helping nonhousehold members
0.3 0.1 0.1 0 0.1 0.1 0.2 0.5 0.8 1.1 1.2 1.4 1.4 1.5 1.7 1.8 1.9 1.8 1.7 1.7 1.2 0.9 0.6 0.4
Working and work-related activities
2.4 1.8 1.5 1.5 2.1 3.7 7.8 16.2 25.6 29.8 30.9 31.3 24.3 28.4 30.5 29.6 26.5 19.6 12.4 8.8 7.0 6.0 4.9 3.6
Educational activities
0.3 0.1 0.1 0 0 0.1 0.2 1.1 3.3 4.2 4.5 4.5 3.8 4.2 4.2 3.1 2.3 1.9 1.6 1.7 1.7 1.4 1.0 0.6
Organizational, civic, and religious activities
0.2 0.1 0.1 0.1 0.2 0.2 0.5 0.9 1.4 2.8 3.8 4.0 3.1 2.0 1.8 1.5 1.4 1.6 2.1 2.7 2.4 1.5 0.8 0.4
Leisure and sports 
9.8 5.1 2.7 1.7 1.5 2.7 4.9 8.1 10.7 13.9 17.3 18.7 19.3 22.3 25.2 27.8 30.5 32.2 35.7 43.4 51.8 52.9 39.8 21.3
Telephone calls, mail, and e-mail
0.5 0.3 0.1 0.1 0.1 0.1 0.2 0.3 0.6 0.8 1.0 1.0 0.8 0.9 1.0 1.2 1.2 1.2 1.2 1.5 1.7 1.8 1.5 0.9
Other activities, not elsewhere classified
0.3 0.2 0.2 0.1 0.2 0.2 0.5 1.1 1.3 1.5 1.7 1.7 1.5 1.6 1.6 1.7 1.7 1.6 1.3 1.2 1.2 1.0 0.8 0.5